//23456789012345678901234567890123456789012345678901234567890123
zzzzzzzzzzzzzzzzzzzzzzzzzzzzzzzzzzzzzzzzzzzzzzzzzzzzzzzzzzzzzzzz//0
zzzzzzzzzzzzzzzzzzzzzzzzzzzzzzzzzzzzzzzzzzzzzzzzzzzzzzzzzzzzzzzz//1
zzzzzzzzabcabdcabc00000bccadccadcacyyyyyyyyyyyyyyzzzzzzzzzzzzzzz//2
zzzzzzzza00000000cabcacb0000000000ccadccadcac00yyzzzzzzzzzzzzzzz//3
zzzzzzzzc00000000c00000000000100000000000000c00yyzzzzzzzzzzzzzzz//4
zzzzzzzzc0000000000000000000gg000000000000010cdyyzzzzzzzzzzzzzzz//5
zzzzzzzzc00000000d0000000000hi0000000000000010ayyzzzzzzzzzzzzzzz//6
zzzzzzzza00000000c1000000000gg0010000000000000cyyyyzzzzzzzzzzzzz//7
zzzzzzzzd00000000b1100000000000000000000000001czzzzzzzzzzzzzzzzz//8
zz1111111kkkkkkkkckkkkkkkkkkkn10001mkkkkkkkkkkkk11111111111111zz//9
2211111111111111111111111111111011111111116666666666666666666622
2211111111111111111111111111111001111111116600666666666666666622
2211111111111111111111111111111101111111116660666666666666666622
2211111111111111111111111111111101111111116660000066666666666622
2211111111111111111111111111111101111111116666666000000066666622
2211111111111111111111111111111100111111116666666000000006666622
2211111111111111111111111111000000000101116666666000000000066622
2211111111111111111111111111000000000000116666666000000066006622
2211111111111111111111111111000000000010116666666000000066606622
2211111111111111111111111111000000000010000006666000000066600622
2211111111111111111111111111000000000011116600000000000066660622
2211111111111111111111111111000000000011116666666000000066660622
2211111111111111111111110000000000000011116666666000000066666622
2211111111111111111111100111000000000011116666666000000066666622
2211111111111111111111111111000000000011116666666000000066666622
2211111111111111111111111111000000000011116666666100000066666622
2211111111111111111111111111111001111111116666666606666666666622
2211111111111111111111111111111011111111116666666606666666666622
2211111111111111111111111111111011111111116666666606666666666622
2211111111111111111111111111111111111111116666666600666666666622
2211111111111111111111111111111111111111114444444440444444444422
2211111111111111111111111111111111111111114444444440444444444422
2211111111111111111111111111111111111111114444444440444444444422
2211111111111111111111111111111111111111114444444400444444444422
2211111111111111111111111111111111111111114444444100000444444422
2211111111111111111111111111111111111111114444444000000000000422
2211111111111111111111111111111111111111114444444000004444444422
2211111111111111111111111111111111111111114444444000004444444422
2211111111111111111111111111111111111111114444444000004444444422
2211111111111111111111111111111111111111114444000000004444444422
2211111111111111111111111111111111111111114000044000004444444422
2211111111111111111111111111111111111111114044444000004444444422
2211111111111111111111111111111111111111114444444000004444444422
2211111111111111111111111111111111111111114444444000004444444422
2211111111111111111111111111111111111111114444444444404444444422
2211111111111111111111111111111111111111114444444444404444444422
2211111111111111111111111111111111111111114444444444404444444422
2211111111111111111111111111111111111111114444444444404444444422
2211111111111111111111111111111111111111114444444444404444444422
2211111111111111111111111111111111111111114444444444004444444422
2211111111111111111111111111111111111111118888888888088888888822
2211111111111111111111111111111111111111118888888888088888800822
2211111111111111111111111111111111111111118888888888088888008822
2211111111111111111111111111111111111111118888888888088888088822
2211111111111111111111111111111111111111118888888888088888088822
2211111111111111111111111111111111111111118888888888088888088822
2211111111111111111111111111111111111111118888888000000001088822
2211111111111111111111111111111111111111118888888000000000888822
2211111111111111111111111111111111111111118888888000000000888822
2211111111111111111111111111111111111111118800000000000000888822
2211111111111111111111111111111111111111118808888000000000888822
2211111111111111111111111111111111111111118008888000000000888822
2211111111111111111111111111111111111111118888888880888888888822
2211111111111111111111111111111111111111118888888880888888888822
2211111111111111111111111111111111111111118888888880888888888822
2211111111111111111111111111111111111111118888888880888888888822
2211111111111111111111111111111111111111118888888880888888888822
2211111111111111111111111111111111111111118888888880088888888822
2211111111111111111111111111111111111111118888888888088888888822
2211111111111111111111111111111111111111118888888888088888888822
2211111111111111111111333333333333333333333333333333033333333322
2211111111111111111111330033333333333333333333333333033333333322
2211111111111111111111333000003333333333333333333333033333333322
2211111111111111111111333333300033333333333333333330033333333322
2211111111111111111111333331000000333333333333333330333333333322
2211111111111111111111333330000000003333333333333330333333333322
2211111111111111111111333330000000300333333333333330333333333322
2211111111111111111111333330000000330003333333333000000333333322
2211111111111111111111333330000000333300033333333000000333333322
2211111111111111111111300330000000333333000000003000000000000322
2211111111111111111111330000000000333333333333300000000333333322
2211111111111111111111333330000000333333333333330000000333333322
2211111111111111111111333330000000333333333333330000000333333322
2211111111111111111111333330000000333333333333333000000333333322
2211111111111111111111333330000000333333333333333000001333333322
2211111111111111111111333333000333333333333333333333000333333322
2211111111111111111111333333330033333333333333333333033333333322
2211111111111111111111333333333033333333333333333300033333333322
2211111111111111111111333333333003333333333333333303333333333322
2211111111111111111111333333333303333333333333333333333333333322
zz100000000000000001111100000000000000011100000000000000000011zz//+0
zz1011o111o111o111100011p111p101o111o100000011o111o111o11111111z//+1
zz10111111100000000111111111110111111111o11111kkkkkkkkkm1111111z//+2
km101nkkk00kkkkkkkkkkkkkkkkkm1011nkkkkkkkkkkkkk0000000000111111z//+3
k00000000ggg11000k011kkkkk10000000000k000000k0000111111100000nzz//+4
k00c0000000000000k001kkkkk00001000gggk00c000k0001000000110000kzz//+5
k0000000000000000a0000000000000000ggg000c0kkk0001111111110000kzz//+6
k1000000000000001c100000000bcbda00000100c00000000000000000000kzz//+7
kccadccdadccdbd0ccc0daccdacbcbcdacbccakdacbcbcdacbccadacbcdacczz//+8
zzzzzzzzzzzzzzzzzzzzzzzzzzzzzzzzzzzzzzzzzzzzzzzzzzzzzzzzzzzzzzzz//+9
//23456789012345678901234567890123456789012345678901234567890123
